  -4.964310      7.0242107E-02  0.2437509    
  -4.789886      0.6461639      0.2376460    
  -4.568027      0.1041932      0.2298809    
  -4.427917     -5.5906244E-02  0.2249771    
  -4.174151      0.2612800      0.2160953    
  -4.022320      9.7800322E-02  0.2107812    
  -3.781367     -0.3038757      0.2023479    
  -3.611495      0.2586750      0.1964023    
  -3.408523     -5.3824238E-02  0.1892983    
  -3.119110      0.1275545      0.1791689    
  -2.952583      0.1210121      0.1733404    
  -2.725064      5.8998629E-02  0.1653772    
  -2.572807      0.2163961      0.1600483    
  -2.345952     -0.1433067      0.1521083    
  -2.155061      0.3912626      0.1454272    
  -1.957297      0.1449346      0.1385054    
  -1.701030      0.4285606      0.1295361    
  -1.507839      0.3919302      0.1227744    
  -1.319270      0.4556844      0.1161745    
  -1.124336      0.5991821      0.1093518    
 -0.8979505      0.5204802      0.1014283    
 -0.7187610      0.7907391      9.5156632E-02
 -0.4610521       1.072678      8.6136825E-02
 -0.3012683       1.263471      8.0544390E-02
 -7.3854096E-02   1.587852      7.2584897E-02
  0.1244635       1.695527      7.4356228E-02
  0.3312252       2.118222      8.1592880E-02
  0.5545355       2.021473      8.9408740E-02
  0.6905785       2.122206      9.4170250E-02
  0.8705600       1.658537      0.1004696    
   1.127724       1.541519      0.1094703    
   1.310143       1.271952      0.1158550    
   1.561177      0.8078186      0.1246412    
   1.780289      0.6651554      0.1323101    
   1.947081      0.7902662      0.1381478    
   2.098411      0.5153980      0.1434444    
   2.367353      0.6087322      0.1528573    
   2.508562      0.3680864      0.1577997    
   2.730981      0.2089465      0.1655843    
   2.993987      0.2036732      0.1747895    
   3.120435      0.2720100      0.1792153    
   3.412682      0.4996714      0.1894439    
   3.529713      0.1670320      0.1935399    
   3.726682     -8.8792533E-02  0.2004339    
   3.957370      0.1757488      0.2085079    
   4.211163      0.3162973      0.2173907    
   4.416279      0.3517255      0.2245698    
   4.612661      0.5723413      0.2314432    
   4.841673     -0.2668630      0.2394585    
   5.029480     -0.5712959      0.2460318    
