 -1.4779728E-03   2.259084      5.9999999E-02
  0.1253187       1.871398      5.9999999E-02
  0.2603542       1.470682      5.9999999E-02
  0.3994061       1.307568      5.9999999E-02
  0.5304811      0.8450978      5.9999999E-02
  0.6608275      0.8198445      5.9999999E-02
  0.7835099      0.6481231      5.9999999E-02
  0.9256914      0.4923909      5.9999999E-02
   1.054378      0.3603478      5.9999999E-02
   1.188127      0.2757307      5.9999999E-02
   1.316002      0.2069585      5.9999999E-02
   1.447721      0.2760922      5.9999999E-02
   1.575533      0.1267537      5.9999999E-02
   1.713903      0.1070076      5.9999999E-02
   1.848528      0.1187255      5.9999999E-02
   1.974769      0.1026225      5.9999999E-02
   2.107647      0.1193120      5.9999999E-02
   2.242659      2.2288149E-02  5.9999999E-02
   2.370043      0.1165699      5.9999999E-02
   2.498096     -7.6461174E-03  5.9999999E-02
