  0.0000000E+00  0.7608008       1.000000    
  3.1733260E-02 -0.2993768       1.000000    
  6.3466519E-02 -4.0553331E-02   1.000000    
  9.5199779E-02 -0.8635285       1.000000    
  0.1269330      -3.735180       1.000000    
  0.1586663      -3.619623       1.000000    
  0.1903996      -3.112933       1.000000    
  0.2221328      -2.198806       1.000000    
  0.2538661      -5.791921       1.000000    
  0.2855993      -1.941002       1.000000    
  0.3173326      -4.515418       1.000000    
  0.3490659      -2.452758       1.000000    
  0.3807991      -6.484471       1.000000    
  0.4125324      -4.028813       1.000000    
  0.4442657      -5.325264       1.000000    
  0.4759989      -4.175995       1.000000    
  0.5077322      -2.794553       1.000000    
  0.5394654      -2.268817       1.000000    
  0.5711986      -2.939019       1.000000    
  0.6029319      -2.564571       1.000000    
  0.6346652      -2.576060       1.000000    
  0.6663985      -1.063915       1.000000    
  0.6981317     -0.2332920       1.000000    
  0.7298650      0.4121894       1.000000    
  0.7615982     -0.5011150       1.000000    
  0.7933315       1.278917       1.000000    
  0.8250648       3.683678       1.000000    
  0.8567981       2.078386       1.000000    
  0.8885313       3.464845       1.000000    
  0.9202645       3.435307       1.000000    
  0.9519978       5.295630       1.000000    
  0.9837310       2.457432       1.000000    
   1.015464       4.520140       1.000000    
   1.047198       4.037747       1.000000    
   1.078931       5.155393       1.000000    
   1.110664       2.572642       1.000000    
   1.142397       2.674107       1.000000    
   1.174131       4.708587       1.000000    
   1.205864       4.079134       1.000000    
   1.237597       3.349210       1.000000    
   1.269330       3.421794       1.000000    
   1.301064       3.809353       1.000000    
   1.332797      8.5135221E-02   1.000000    
   1.364530       1.445626       1.000000    
   1.396263      0.5688101       1.000000    
   1.427997      -1.552036       1.000000    
   1.459730     -0.9568174       1.000000    
   1.491463      -1.398890       1.000000    
   1.523196      -2.308848       1.000000    
   1.554930      -3.789434       1.000000    
   1.586663      -4.246357       1.000000    
   1.618396      -6.928057       1.000000    
   1.650130      -5.978123       1.000000    
   1.681863      -5.652966       1.000000    
   1.713596      -8.560886       1.000000    
   1.745329      -8.697575       1.000000    
   1.777063      -7.037095       1.000000    
   1.808796      -9.357243       1.000000    
   1.840529      -8.208077       1.000000    
   1.872262      -9.586928       1.000000    
   1.903996      -7.955552       1.000000    
   1.935729      -6.748351       1.000000    
   1.967462      -7.140111       1.000000    
   1.999195      -4.451242       1.000000    
   2.030929      -5.934348       1.000000    
   2.062662      -4.645176       1.000000    
   2.094395      -3.165067       1.000000    
   2.126128      -1.069956       1.000000    
   2.157862      0.4300636       1.000000    
   2.189595      0.2949538       1.000000    
   2.221328       3.050757       1.000000    
   2.253062       3.731099       1.000000    
   2.284795       6.027121       1.000000    
   2.316528       6.282738       1.000000    
   2.348261       8.870067       1.000000    
   2.379995       6.670998       1.000000    
   2.411728       10.77063       1.000000    
   2.443461       10.93128       1.000000    
   2.475194       13.79382       1.000000    
   2.506927       13.06191       1.000000    
   2.538661       14.72565       1.000000    
   2.570394       16.69456       1.000000    
   2.602127       15.53852       1.000000    
   2.633861       17.19595       1.000000    
   2.665594       16.57874       1.000000    
   2.697327       15.14497       1.000000    
   2.729060       16.26253       1.000000    
   2.760794       15.44108       1.000000    
   2.792527       15.18422       1.000000    
   2.824260       14.15364       1.000000    
   2.855994       12.68136       1.000000    
   2.887727       13.74355       1.000000    
   2.919460       10.38194       1.000000    
   2.951193       10.06926       1.000000    
   2.982927       7.616981       1.000000    
   3.014660       7.616572       1.000000    
   3.046393       5.866792       1.000000    
   3.078126       4.082878       1.000000    
   3.109859       1.791937       1.000000    
   3.141593      0.8925045       1.000000    
