  -5.000000      1.0712653E-02  7.0000000E-02
  -4.795918      7.2155774E-02  7.0000000E-02
  -4.591837      0.1229277      7.0000000E-02
  -4.387755      2.3039496E-02  7.0000000E-02
  -4.183673     -6.4385816E-02  7.0000000E-02
  -3.979592      0.1291298      7.0000000E-02
  -3.775510      6.9328628E-02  7.0000000E-02
  -3.571429     -2.6231458E-02  7.0000000E-02
  -3.367347      0.1269973      7.0000000E-02
  -3.163265     -0.1398993      7.0000000E-02
  -2.959184      9.3737431E-03  7.0000000E-02
  -2.755102      4.2453345E-02  7.0000000E-02
  -2.551020     -0.1581279      7.0000000E-02
  -2.346939     -8.0246553E-02  7.0000000E-02
  -2.142857     -2.6185954E-02  7.0000000E-02
  -1.938776      0.1017818      7.0000000E-02
  -1.734694      5.2180264E-02  7.0000000E-02
  -1.530612     -2.1577850E-03  7.0000000E-02
  -1.326531      0.2177086      7.0000000E-02
  -1.122449      0.1484718      7.0000000E-02
 -0.9183673      0.2464736      7.0000000E-02
 -0.7142857      0.3780092      7.0000000E-02
 -0.5102041      0.6043186      7.0000000E-02
 -0.3061225       1.068658      7.0000000E-02
 -0.1020408       1.341413      7.0000000E-02
  0.1020408       1.592699      7.0000000E-02
  0.3061225       1.951715      7.0000000E-02
  0.5102041       1.947542      7.0000000E-02
  0.7142857       1.979666      7.0000000E-02
  0.9183673       1.736681      7.0000000E-02
   1.122449       1.346238      7.0000000E-02
   1.326531       1.010009      7.0000000E-02
   1.530612      0.6289524      7.0000000E-02
   1.734694      0.5205481      7.0000000E-02
   1.938776      0.3079351      7.0000000E-02
   2.142857      4.3301530E-02  7.0000000E-02
   2.346939      0.1618477      7.0000000E-02
   2.551020      0.1698880      7.0000000E-02
   2.755102     -0.2020682      7.0000000E-02
   2.959184     -2.8285600E-02  7.0000000E-02
   3.163265     -1.9841958E-03  7.0000000E-02
   3.367347      8.7162010E-02  7.0000000E-02
   3.571429      1.6725602E-02  7.0000000E-02
   3.775510     -4.9289864E-02  7.0000000E-02
   3.979592     -0.1304921      7.0000000E-02
   4.183673      7.3113747E-02  7.0000000E-02
   4.387755      0.1009970      7.0000000E-02
   4.591837      5.6495812E-02  7.0000000E-02
   4.795918     -6.6299401E-02  7.0000000E-02
   5.000000      3.2444866E-03  7.0000000E-02
