  -1.020325       8.029660      0.3200000    
 -0.8370786       6.622929      0.3200000    
 -0.6459286       4.188203      0.3200000    
 -0.5123572       3.815341      0.3200000    
 -0.3451132       3.004169      0.3200000    
 -0.1731540       1.451323      0.3200000    
 -5.4007128E-02   1.713904      0.3200000    
  0.1094558       1.067461      0.3200000    
  0.2907284       1.468241      0.3200000    
  0.4096944       1.477109      0.3200000    
  0.5798056       1.575342      0.3200000    
  0.7398501       1.420111      0.3200000    
  0.8799386       1.982308      0.3200000    
   1.079095       2.834512      0.3200000    
   1.201933       3.578132      0.3200000    
   1.357195       4.515801      0.3200000    
   1.513458       4.928474      0.3200000    
   1.699935       7.215900      0.3200000    
   1.868428       9.130492      0.3200000    
   2.018382       10.10214      0.3200000    
