  2.9486497E-03 -0.8639728       1.000000    
  2.9030735E-02   1.153449       1.000000    
  5.4357558E-02  -1.187001       1.000000    
  9.1526456E-02  -3.522240       1.000000    
  0.1287615      -2.236504       1.000000    
  0.1494895      -3.947273       1.000000    
  0.1917832      -4.232688       1.000000    
  0.2239829      -3.825158       1.000000    
  0.2595215      -4.947005       1.000000    
  0.2908595      -5.490199       1.000000    
  0.3231410      -3.449333       1.000000    
  0.3520984      -6.118017       1.000000    
  0.3865726      -6.266561       1.000000    
  0.4107099      -5.273015       1.000000    
  0.4345171      -4.903446       1.000000    
  0.4813447      -4.483278       1.000000    
  0.5130190      -6.324702       1.000000    
  0.5319471      -2.293001       1.000000    
  0.5771229      -4.224320       1.000000    
  0.6064960      -2.370616       1.000000    
  0.6270000      -2.910456       1.000000    
  0.6728714      -1.047232       1.000000    
  0.6916833      -1.242999       1.000000    
  0.7408837     -3.1287313E-02   1.000000    
  0.7584267      0.3308603       1.000000    
  0.8026709       2.493480       1.000000    
  0.8222483       2.191178       1.000000    
  0.8597442       1.346228       1.000000    
  0.8831568       2.994552       1.000000    
  0.9236349       3.032692       1.000000    
  0.9567420       3.875219       1.000000    
  0.9789721       3.998506       1.000000    
   1.006699       2.396894       1.000000    
   1.056185       4.970136       1.000000    
   1.068458       4.440218       1.000000    
   1.117728       5.540372       1.000000    
   1.132828       4.925879       1.000000    
   1.175761       4.084352       1.000000    
   1.210527       5.895230       1.000000    
   1.236723       4.517260       1.000000    
   1.279116       3.904817       1.000000    
   1.293227       4.602945       1.000000    
   1.339386       3.317007       1.000000    
   1.363891       1.385698       1.000000    
   1.395876     -0.5808939       1.000000    
   1.425521      -1.689737       1.000000    
   1.457880      -1.867438       1.000000    
   1.488365      -1.655973       1.000000    
   1.512850      -1.728922       1.000000    
   1.547357      -3.960064       1.000000    
   1.590093      -5.683111       1.000000    
   1.616648      -7.155130       1.000000    
   1.653984      -6.268348       1.000000    
   1.678944      -6.371188       1.000000    
   1.721590      -8.075846       1.000000    
   1.741230      -8.354690       1.000000    
   1.780741      -9.028192       1.000000    
   1.817823      -8.333597       1.000000    
   1.834337      -7.558610       1.000000    
   1.874313      -8.262701       1.000000    
   1.912399      -9.111559       1.000000    
   1.940632      -7.808977       1.000000    
   1.967845      -5.544911       1.000000    
   2.003877      -5.534754       1.000000    
   2.028669      -4.237369       1.000000    
   2.055082      -4.410601       1.000000    
   2.094339      -2.152625       1.000000    
   2.136532      -1.290634       1.000000    
   2.167805     -0.6585203       1.000000    
   2.195611       1.863535       1.000000    
   2.217131       2.860598       1.000000    
   2.250626       2.394011       1.000000    
   2.284062       5.369084       1.000000    
   2.320443       6.697162       1.000000    
   2.345410       8.269707       1.000000    
   2.376045       8.692068       1.000000    
   2.413910       10.36687       1.000000    
   2.443165       11.21320       1.000000    
   2.466371       11.40530       1.000000    
   2.514028       13.12005       1.000000    
   2.544591       14.62336       1.000000    
   2.569815       14.08239       1.000000    
   2.609496       15.67154       1.000000    
   2.636306       15.81489       1.000000    
   2.669559       16.61212       1.000000    
   2.707277       15.69838       1.000000    
   2.719362       15.33104       1.000000    
   2.767857       14.08744       1.000000    
   2.793749       15.58908       1.000000    
   2.834868       14.81251       1.000000    
   2.859556       14.39227       1.000000    
   2.897607       12.30389       1.000000    
   2.927364       10.08323       1.000000    
   2.956081       10.78549       1.000000    
   2.975082       7.465272       1.000000    
   3.006579       6.073327       1.000000    
   3.037807       5.039678       1.000000    
   3.079561       3.764623       1.000000    
   3.104137      0.7579722       1.000000    
   3.132274       1.489455       1.000000    
