 -5.2631539E-03  -1.285319      7.0000000E-02
  4.7636639E-02  -1.228581      7.0000000E-02
  0.1037107      -1.054745      7.0000000E-02
  0.1596517     -0.8543746      7.0000000E-02
  0.2154006     -0.6596401      7.0000000E-02
  0.2667188     -0.5734140      7.0000000E-02
  0.3140564     -0.5300089      7.0000000E-02
  0.3727929     -0.4544363      7.0000000E-02
  0.4241670     -0.2094201      7.0000000E-02
  0.4771863     -0.1282992      7.0000000E-02
  0.5246847      6.0074583E-02  7.0000000E-02
  0.5828546      6.8045884E-02  7.0000000E-02
  0.6272623      0.2964523      7.0000000E-02
  0.6882977      0.2671496      7.0000000E-02
  0.7389576      0.5219858      7.0000000E-02
  0.7919427      0.6136597      7.0000000E-02
  0.8400019      0.6162627      7.0000000E-02
  0.8899970      0.7173337      7.0000000E-02
  0.9516652       1.106696      7.0000000E-02
  0.9957648       1.020820      7.0000000E-02
