  3.4510065E-03  -2.401879      0.5600000    
  5.5392671E-02 -0.8719199      0.5600000    
  0.1069972      -1.312519      0.5600000    
  0.1618804     -0.9374148      0.5600000    
  0.2141535      -1.502013      0.5600000    
  0.2682910     -0.4696864      0.5600000    
  0.3174219     -0.7079061      0.5600000    
  0.3721089     -0.1816122      0.5600000    
  0.4252988      0.1146899      0.5600000    
  0.4773301     -0.7769106      0.5600000    
  0.5232276     -0.6870753      0.5600000    
  0.5804425      0.6111009      0.5600000    
  0.6277578      0.6070753      0.5600000    
  0.6809757      0.5740390      0.5600000    
  0.7417547      0.7017902      0.5600000    
  0.7880067      0.9958108      0.5600000    
  0.8385401      0.7958460      0.5600000    
  0.8896514      0.5391405      0.5600000    
  0.9473429       1.134038      0.5600000    
   1.004963       1.216451      0.5600000    
