 -1.6583814E-03  -1.381422      0.2100000    
  5.5451442E-02  -1.353544      0.2100000    
  0.1021352      -1.022499      0.2100000    
  0.1606462     -0.9901319      0.2100000    
  0.2108995     -0.6066724      0.2100000    
  0.2626761     -0.8496791      0.2100000    
  0.3126207     -0.8352171      0.2100000    
  0.3710797     -0.5963362      0.2100000    
  0.4188727     -0.6114905      0.2100000    
  0.4705516     -0.1073964      0.2100000    
  0.5277270     -0.1246343      0.2100000    
  0.5771555      0.3545519      0.2100000    
  0.6343654      0.1368536      0.2100000    
  0.6834407     -8.4835589E-03  0.2100000    
  0.7323452      0.4350455      0.2100000    
  0.7914068      0.7172362      0.2100000    
  0.8470604      0.6927958      0.2100000    
  0.8980218      0.9732426      0.2100000    
  0.9437813      0.6603585      0.2100000    
  0.9968455      0.9685240      0.2100000    
