        0.017453292384744
        0.052359879016876
        0.087266467511654
        0.122173056006432
        0.157079637050629
        0.191986232995987
        0.226892814040184
        0.261799395084381
        0.296705991029739
        0.331612557172775
        0.366519153118134
        0.401425719261169
        0.436332315206528
        0.471238911151886
        0.506145477294922
        0.541052103042603
        0.575958669185638
        0.610865294933319
        0.645771861076355
        0.680678427219391
        0.715584993362427
        0.750491559505463
        0.785398185253143
        0.820304811000824
        0.855211377143860
        0.890118002891541
        0.925024509429932
        0.959931075572968
        0.994837701320648
        1.029744267463684
        1.064650893211365
        1.099557518959045
        1.134464025497437
        1.169370651245117
        1.204277157783508
        1.239183783531189
        1.274090409278870
        1.308997035026550
        1.343903541564941
        1.378810167312622
        1.413716673851013
        1.448623299598694
        1.483529806137085
        1.518436551094055
        1.553343057632446
        1.588249683380127
        1.623156189918518
        1.658062934875488
        1.692969441413879
        1.727875947952271
        1.762782573699951
        1.797689199447632
        1.832595825195312
        1.867502331733704
        1.902408838272095
        1.937315583229065
        1.972222089767456
        2.007128715515137
        2.042035341262817
        2.076941967010498
        2.111848354339600
        2.146754980087280
        2.181661605834961
        2.216568231582642
        2.251474857330322
        2.286381244659424
        2.321288108825684
        2.356194496154785
        2.391101121902466
        2.426007747650146
        2.460914373397827
        2.495820999145508
        2.530727386474609
        2.565634250640869
        2.600540637969971
        2.635447263717651
        2.670353889465332
        2.705260276794434
        2.740167140960693
        2.775073528289795
        2.809980154037476
        2.844886541366577
        2.879793405532837
        2.914700031280518
        2.949606657028198
        2.984513044357300
        3.019419670104980
        3.054326295852661
        3.089232683181763
        3.124139308929443
